072131 9002 911201
073713 9087 921335
073748 9087 921335
073767 9087 921335
073768 9087 921335
073770 9087 921335
073203 9117 921315
073204 9117 921315
073246 9117 921315
073259 9134 921317
073288 9134 921317
073343 9134 921317
074311 9126 933201
074302 9096 931101
074228 9213 930715
074229 9213 930715
074230 9213 930715
074232 9213 930715
074233 9213 930715
074303 9005 931302
073838 9087 921335
073842 9087 921335
073856 9087 921335
073859 9087 921335
073866 9087 921335
073382 9134 921317