000207 0036 010205
000220 0036 010205
000244 0038 010205
000269 0048 010206
000031 0002 010101
000743 0137 010702
001484 0211 020411
000906 0149 020101
000961 0149 020101
001018 0151 020101
001042 0153 020102
001922 0260 020814
001655 0229 020701
002105 0298 021201
002676 0333 021301
003977 0481 030301
003991 0482 030301
004513 0563 030705
007140 0696 040129
007176 0697 040129
007278 0698 040129
006703 0676 040126
006713 0676 040126
008729 0856 050206
008740 0856 050206
008600 0846 050113
009270 0945 050605
010365 1078 060201
009620 1024 060101
010032 1047 060105
010130 1055 060107
011211 1172 060607
011212 1172 060607
011213 1172 060607
011214 1172 060607
011215 1172 060607
011216 1172 060607
011217 1172 060607
011374 1192 060618
010964 1151 060512
011412 1195 060701
011897 1232 060803
012074 1250 060812
011981 1241 060807
012410 1293 061102
012481 1299 061104
012336 1287 061101
069757 4822 240102
068530 4765 240101
068661 4772 240101
068662 4772 240101
069332 4802 240101
068757 4777 240101
068819 4780 240101
069567 4815 240101
068884 4784 240101
069587 4816 240101
069271 4800 240101
069343 4803 240101
069521 4811 240101
070226 4856 240105
070386 4863 240106
070741 4876 240106
070763 4877 240106
070769 4877 240106
070450 4867 240106
070931 5068 240106
070586 4871 240106
070646 4873 240106
070648 4873 240106
070844 4880 240106
012877 1337 070101
015665 1538 071301
017319 1768 090201
017536 1797 090402
017620 1808 090410
017070 1759 090110
017111 1761 090110
016714 1720 090101
016752 1721 090101
016791 1723 090101
901158 1860 091005
901159 1860 091005
018294 1867 091103
022721 2198 110805
022578 2192 110802
021446 2069 110204
020460 2004 110108
020766 2023 110113
020204 1990 110101
022276 2152 110702
022432 2173 110707
022244 7000 110701
022266 7000 110701
022169 6541 110610
025826 2349 120409
025846 2351 120410
901331 2355 120411
026198 2378 120603
026209 2378 120603
025584 2327 120304
024566 2283 120110
024098 2261 120103
023592 2242 120101
023428 2233 120101
023567 2241 120101
024381 2275 120107
024409 2276 120107
024437 2278 120107
027293 2457 121203
027299 2457 121203
027184 2453 121201
028113 2499 130102
028356 2516 130109
028899 2545 130113
028928 2547 130114
029425 2572 130201
030034 2616 130307
030061 2617 130308
054444 3793 140904
052490 3623 140406
052316 3614 140401
053737 6498 140801
053845 3764 140801
031458 2681 140103
031783 2697 140103
031956 2704 140103
032344 2725 140103
032356 2726 140103
032577 2738 140103
033160 2767 140105
035122 2857 140108
035128 2857 140108
035290 2864 140108
035488 2870 140108
035045 2854 140108
035048 2854 140108
034506 2828 140106
034554 2830 140106
034876 5314 140106
034913 5316 140106
034655 2837 140106
045833 3345 140135
044921 3305 140134
045124 3314 140134
045104 3313 140134
045109 3313 140134
044684 3290 140133
036550 2922 140110
036526 2921 140110
035821 2884 140109
035850 2885 140109
036039 2896 140109
036049 2896 140109
035990 2894 140109
036128 2901 140109
035720 2879 140109
036161 2903 140109
030885 2663 140101
901436 2937 140112
036996 2938 140112
037138 2949 140112
038668 3029 140119
038696 3030 140119
038780 3034 140119
039714 5027 140122
039223 3053 140122
039692 5024 140122
039659 5017 140122
039663 5017 140122
039772 5113 140122
039617 3068 140122
039620 3068 140122
049486 3495 140140
047016 3397 140137
048124 3434 140137
045883 3347 140136
045895 3347 140136
045930 3349 140136
046022 3354 140136
046039 3355 140136
046150 3361 140136
046224 3364 140136
046227 3364 140136
046409 3373 140136
046418 3374 140136
041733 5013 140126
040692 3110 140126
041546 3151 140126
040876 3121 140126
040880 3121 140126
041272 3135 140126
041433 3142 140126
041596 3157 140126
041871 3167 140127
041833 3166 140127
041942 3172 140127
041929 3171 140127
041898 3168 140127
041963 3173 140127
042040 3175 140127
042043 3176 140127
042093 3181 140127
052050 3592 140143
052092 3594 140143
042200 3185 140129
043093 5373 140130
042447 3199 140130
042258 3192 140130
050160 3513 140141
050443 3524 140141
050648 3532 140141
055043 3846 150103
054675 3814 150101
054999 3844 150101
054821 3831 150101
055084 3851 150105
055614 3880 150113
056215 3921 150404
901611 3924 150405
056640 3981 160101
056654 3981 160101
056690 3982 160101
057001 4001 170101
057006 4001 170101
057059 4003 170101
057067 4004 170101
057069 4004 170101
059959 4192 190206
060943 4267 190505
058589 4114 190103
058951 4129 190104
058924 4128 190104
059039 4135 190105
059051 4135 190105
058058 4093 190101
059709 5305 190115
059716 5305 190115
062187 4333 190802
061231 4280 190601
061853 4313 190701
061958 4319 190701
061978 4319 190701
063649 4429 200511
062321 4342 200101
062518 4354 200101
062547 4354 200101
063962 4454 200801
064783 4503 201001
066689 4638 210704
066605 5547 210701
067009 5512 211001
066989 4665 211001
067040 4668 211004
065585 4563 210304
065404 4550 210105
065412 4550 210105
066086 4597 210507
066172 4603 210601
066223 4607 210601
066229 4607 210601
066324 4611 210601
066852 4649 210805
067588 4709 220112
067716 4714 220113
067753 4714 220113
068357 4755 230202
071194 4890 250101
071783 4920 250107
072335 9232 920202
072337 9232 920202
072344 9232 920202
072345 9232 920202
072353 9232 920202
072365 9232 920202
072268 9231 920202
072275 9231 920202
072290 9231 920202
072292 9231 920202
072297 9231 920202
072306 9231 920202
072315 9231 920202
072316 9231 920202
072390 9233 920202
072399 9233 920202
072400 9233 920202
072406 9233 920202
072420 9233 920202
072423 9233 920202
072424 9233 920202
072425 9233 920202
072426 9233 920202
072453 9233 920202
072206 9230 920202
072228 9230 920202
072260 9230 920202
072161 9038 920202
072169 9038 920202
072176 9038 920202
072186 9038 920202
072492 9132 920206
072509 9172 920207
072512 9172 920207
072513 9172 920207
072514 9172 920207
072515 9172 920207
072518 9172 920207
072519 9172 920207
072520 9177 920208
072521 9177 920208
072522 9177 920208
072565 9159 920506
072656 9222 920604
072811 9191 921006
072918 9193 921006
072929 9194 921006
072977 9195 921006
072993 9195 921006
072798 9190 921006
073046 9221 921007
072674 9130 920706
073963 9015 921381
073753 9087 921335
073762 9087 921335
073790 9087 921335
074007 9088 921385
073220 9117 921315
073269 9134 921317
073301 9134 921317
073302 9134 921317
073308 9134 921317
073409 9148 921319
073434 9148 921319
073435 9148 921319
073539 9181 921324
073677 9061 921342
074081 9042 922802
074304 9068 931501
074321 9033 940203
074377 9019 940902
074400 9019 940902
074405 9019 940902
074418 9019 940902
074591 9120 940910
074599 9120 940910
074601 9120 940910
075137 9064 941801
074875 9071 941703
074913 9135 941706
074914 9135 941706
074920 9135 941706
074969 9135 941706
075064 9171 941709
073831  921335
074603  940910
074615  940910
074625  940910
074655  940910
